MODE(2bits) ITERATIONS (4bits) PADDING_BIT_COUNT(2bits) RLE(data)
MMMM IIPP   DDDD DDDD

IN_DATA =       11 11 1     00 0    1   0   11 11   00 00   1   0   1   0   11 11   00 0    11 1    0   1   00  11 00
MODE_2_OUT =    01 0000 10   11 11 10 01    00 10 00 11     11 01 01 10     00 10 00 11     11 01 00 11     10 00 10 01     11 01 00 00
MODE_8_OUT =    10 0000 00   1100 0010   1000 0000   1011 0011   1000 0000   1000 0000   1011 0010   1010 0000   1000 0001   1001 0001
IN_DATA			1 0000000 11 0000 1 0 1 0000000 1 0 11 00 111 0000000 1 0000000 1 0 11 00 1 0 1 0 1 00000 1 000000 11 00 1 000 1
MODE_8_OUT =    10 0001 00	0001 1000	0011 1010	0011 1000	0000 1000	0110 1000	0000 1001	0001 1010	0110 1000	0000 1001	0001 1000	0000 1000	0000 1000	0100 1000	0101 1001	0001 1000	0010 1000

MODE
00 = RESERVED
01 = MODE_2
10 = MODE_8

MODE_2
0 0 = 1 zero
0 1 = 2 zeros
1 0 = 1 ones
1 1 = 2 ones

MODE_8
0 000 = 1 zero
0 111 = 8 zeros
1 111 = 8 ones
0 010 = 3 zeros
1 001 = 2 ones

PADDING MODE_2:
00 = No padding
01 = 00
10 = 0000
11 = 00 0000

PADDING MODE_8:
00 = No padding
01 = 0000
